Year,Agricultural land (% of land area),Arable land (% of land area)
1962,12.72747428,8.336289464
1963,12.9097641,8.513657325
1964,13.06992728,8.691025186
1965,13.26503193,8.868393047
1966,13.53103938,9.134444839
1967,13.91947499,9.48918056
1968,14.1926215,9.755232352
1969,14.94346399,10.4647038
1970,15.13544697,10.64207166
1971,15.56957254,11.08549131
1972,15.84529088,11.3515431
1973,16.01379035,11.52891096
1974,16.25323696,11.79496275
1975,16.60881518,12.14969847
1976,16.8438276,12.41575027
1977,17.13866619,12.68180206
1978,17.32626818,12.85916992
1979,17.5,13.03653778
1980,17.77492018,13.30258957
1981,18.04540617,13.56864136
1982,18.40457609,13.74600922
1983,18.39122916,13.83469315
1984,18.55972863,13.92337708
1985,18.8529177,14.01206101
1986,19.38612983,14.10074495
1987,19.47481376,14.18942888
1988,19.565094,14.27811281
1989,19.55977297,14.36679674
1990,20.05406172,14.32245477
1991,20.1162735,14.36679674
1992,20.31009223,14.45548067
1993,20.62644555,14.63284853
1994,21.1693597,15.07626818
1995,22.30057645,15.87442355
1996,23.98753991,17.29336644
1997,25.62849415,18.6236254
1998,26.96718695,19.95388436
1999,27.54519333,20.39730401
2000,28.30681093,21.10677545
2001,28.90678432,21.72756297
2002,29.86288578,22.61440227
2003,30.78216566,23.50124158
2004,30.67794431,23.50124158
2005,30.80482441,23.53671515
2006,29.61445548,22.17098262
2007,29.96722242,22.17098262
2008,31.78336289,22.17098262
2009,33.17067222,22.17098262
2010,30.9253636,22.17098262
2011,32.0979514,22.17098262
2012,33.39123803,23.05782192
2013,35.30102873,23.94466123
2014,35.4549663,23.94466123
2015,36.12294253,23.94466123
2016,34.3804984,24.83150053
2017,36.30170184,26.54821657
2018,39.56020397,30.29195282
2019,41.07138524,31.37621852
2020,39.31401738,29.54291061
2021,41.00234569,30.92332831
2022,43.0623652,31.44689872
